{
 "cells": [
  {
   "cell_type": "raw",
   "id": "5a395c7e-7d5d-4dd3-83b4-30e1ba7617b2",
   "metadata": {},
   "source": [
    "The model's main purpose is to predict the 10-year risk of Coronary Heart Disease (CHD). CHD is a disease of the blood vessels supplying the heart. Heart disease has been the leading cause of death worldwide since 1921. In 2008, 7.3 million people died from CHD. \n",
    "The classification goal is to predict whether the patient has 10-year risk of future coronary heart disease (CHD).The dataset provides the patients’ information. It includes over 4,000 records and 15 attributes.\n",
    "Variables\n",
    "Sex: male or female(0=female, 1=male)\n",
    "Age: Age of the patient\n",
    "education: Some high school (1), high school/GED (2), some college/vocational school (3), college (4)\n",
    "Current Smoker: whether or not the patient is a current smoker (0=No, 1=Yes)\n",
    "Cigs Per Day: the number of cigarettes that the person smoked on average in one day\n",
    "BP Meds: whether or not the patient was on blood pressure medication \n",
    "Prevalent Stroke: whether or not the patient had previously had a stroke (0=No, 1=Yes)\n",
    "Prevalent Hyp: whether or not the patient was hypertensive (0=No, 1=Yes)\n",
    "Diabetes: whether or not the patient had diabetes (0=No, 1=Yes)\n",
    "Tot Chol: total cholesterol level\n",
    "Sys BP: systolic blood pressure \n",
    "Dia BP: diastolic blood pressure\n",
    "BMI: Body Mass Index\n",
    "Heart Rate: heart rate\n",
    "Glucose: glucose level\n",
    "\n",
    "Prepare model by using logistic regression, KNN, SVM and Naive Bayes.\n",
    "\n",
    "Also calculate Accuracy by confusion matrix, Calculate accuracy score, precision score, recall score, f1 score.\n",
    "\n",
    "Datasets : framingham.csv\n"
   ]
  },
  {
   "cell_type": "code",
   "execution_count": 1,
   "id": "574e4d1f-2fcc-4375-bd9b-f568fabbbdf6",
   "metadata": {},
   "outputs": [],
   "source": [
    "# importing required packages\n",
    "import numpy as np\n",
    "import pandas as pd\n",
    "import matplotlib.pyplot as plt\n",
    "import seaborn as sns"
   ]
  },
  {
   "cell_type": "code",
   "execution_count": 2,
   "id": "f0377424-1f57-47ef-b958-b3a067ea0289",
   "metadata": {},
   "outputs": [
    {
     "data": {
      "text/html": [
       "<div>\n",
       "<style scoped>\n",
       "    .dataframe tbody tr th:only-of-type {\n",
       "        vertical-align: middle;\n",
       "    }\n",
       "\n",
       "    .dataframe tbody tr th {\n",
       "        vertical-align: top;\n",
       "    }\n",
       "\n",
       "    .dataframe thead th {\n",
       "        text-align: right;\n",
       "    }\n",
       "</style>\n",
       "<table border=\"1\" class=\"dataframe\">\n",
       "  <thead>\n",
       "    <tr style=\"text-align: right;\">\n",
       "      <th></th>\n",
       "      <th>male</th>\n",
       "      <th>age</th>\n",
       "      <th>education</th>\n",
       "      <th>currentSmoker</th>\n",
       "      <th>cigsPerDay</th>\n",
       "      <th>BPMeds</th>\n",
       "      <th>prevalentStroke</th>\n",
       "      <th>prevalentHyp</th>\n",
       "      <th>diabetes</th>\n",
       "      <th>totChol</th>\n",
       "      <th>sysBP</th>\n",
       "      <th>diaBP</th>\n",
       "      <th>BMI</th>\n",
       "      <th>heartRate</th>\n",
       "      <th>glucose</th>\n",
       "      <th>TenYearCHD</th>\n",
       "    </tr>\n",
       "  </thead>\n",
       "  <tbody>\n",
       "    <tr>\n",
       "      <th>0</th>\n",
       "      <td>1</td>\n",
       "      <td>39</td>\n",
       "      <td>4.0</td>\n",
       "      <td>0</td>\n",
       "      <td>0.0</td>\n",
       "      <td>0.0</td>\n",
       "      <td>0</td>\n",
       "      <td>0</td>\n",
       "      <td>0</td>\n",
       "      <td>195.0</td>\n",
       "      <td>106.0</td>\n",
       "      <td>70.0</td>\n",
       "      <td>26.97</td>\n",
       "      <td>80.0</td>\n",
       "      <td>77.0</td>\n",
       "      <td>0</td>\n",
       "    </tr>\n",
       "    <tr>\n",
       "      <th>1</th>\n",
       "      <td>0</td>\n",
       "      <td>46</td>\n",
       "      <td>2.0</td>\n",
       "      <td>0</td>\n",
       "      <td>0.0</td>\n",
       "      <td>0.0</td>\n",
       "      <td>0</td>\n",
       "      <td>0</td>\n",
       "      <td>0</td>\n",
       "      <td>250.0</td>\n",
       "      <td>121.0</td>\n",
       "      <td>81.0</td>\n",
       "      <td>28.73</td>\n",
       "      <td>95.0</td>\n",
       "      <td>76.0</td>\n",
       "      <td>0</td>\n",
       "    </tr>\n",
       "    <tr>\n",
       "      <th>2</th>\n",
       "      <td>1</td>\n",
       "      <td>48</td>\n",
       "      <td>1.0</td>\n",
       "      <td>1</td>\n",
       "      <td>20.0</td>\n",
       "      <td>0.0</td>\n",
       "      <td>0</td>\n",
       "      <td>0</td>\n",
       "      <td>0</td>\n",
       "      <td>245.0</td>\n",
       "      <td>127.5</td>\n",
       "      <td>80.0</td>\n",
       "      <td>25.34</td>\n",
       "      <td>75.0</td>\n",
       "      <td>70.0</td>\n",
       "      <td>0</td>\n",
       "    </tr>\n",
       "    <tr>\n",
       "      <th>3</th>\n",
       "      <td>0</td>\n",
       "      <td>61</td>\n",
       "      <td>3.0</td>\n",
       "      <td>1</td>\n",
       "      <td>30.0</td>\n",
       "      <td>0.0</td>\n",
       "      <td>0</td>\n",
       "      <td>1</td>\n",
       "      <td>0</td>\n",
       "      <td>225.0</td>\n",
       "      <td>150.0</td>\n",
       "      <td>95.0</td>\n",
       "      <td>28.58</td>\n",
       "      <td>65.0</td>\n",
       "      <td>103.0</td>\n",
       "      <td>1</td>\n",
       "    </tr>\n",
       "    <tr>\n",
       "      <th>4</th>\n",
       "      <td>0</td>\n",
       "      <td>46</td>\n",
       "      <td>3.0</td>\n",
       "      <td>1</td>\n",
       "      <td>23.0</td>\n",
       "      <td>0.0</td>\n",
       "      <td>0</td>\n",
       "      <td>0</td>\n",
       "      <td>0</td>\n",
       "      <td>285.0</td>\n",
       "      <td>130.0</td>\n",
       "      <td>84.0</td>\n",
       "      <td>23.10</td>\n",
       "      <td>85.0</td>\n",
       "      <td>85.0</td>\n",
       "      <td>0</td>\n",
       "    </tr>\n",
       "    <tr>\n",
       "      <th>...</th>\n",
       "      <td>...</td>\n",
       "      <td>...</td>\n",
       "      <td>...</td>\n",
       "      <td>...</td>\n",
       "      <td>...</td>\n",
       "      <td>...</td>\n",
       "      <td>...</td>\n",
       "      <td>...</td>\n",
       "      <td>...</td>\n",
       "      <td>...</td>\n",
       "      <td>...</td>\n",
       "      <td>...</td>\n",
       "      <td>...</td>\n",
       "      <td>...</td>\n",
       "      <td>...</td>\n",
       "      <td>...</td>\n",
       "    </tr>\n",
       "    <tr>\n",
       "      <th>4235</th>\n",
       "      <td>0</td>\n",
       "      <td>48</td>\n",
       "      <td>2.0</td>\n",
       "      <td>1</td>\n",
       "      <td>20.0</td>\n",
       "      <td>NaN</td>\n",
       "      <td>0</td>\n",
       "      <td>0</td>\n",
       "      <td>0</td>\n",
       "      <td>248.0</td>\n",
       "      <td>131.0</td>\n",
       "      <td>72.0</td>\n",
       "      <td>22.00</td>\n",
       "      <td>84.0</td>\n",
       "      <td>86.0</td>\n",
       "      <td>0</td>\n",
       "    </tr>\n",
       "    <tr>\n",
       "      <th>4236</th>\n",
       "      <td>0</td>\n",
       "      <td>44</td>\n",
       "      <td>1.0</td>\n",
       "      <td>1</td>\n",
       "      <td>15.0</td>\n",
       "      <td>0.0</td>\n",
       "      <td>0</td>\n",
       "      <td>0</td>\n",
       "      <td>0</td>\n",
       "      <td>210.0</td>\n",
       "      <td>126.5</td>\n",
       "      <td>87.0</td>\n",
       "      <td>19.16</td>\n",
       "      <td>86.0</td>\n",
       "      <td>NaN</td>\n",
       "      <td>0</td>\n",
       "    </tr>\n",
       "    <tr>\n",
       "      <th>4237</th>\n",
       "      <td>0</td>\n",
       "      <td>52</td>\n",
       "      <td>2.0</td>\n",
       "      <td>0</td>\n",
       "      <td>0.0</td>\n",
       "      <td>0.0</td>\n",
       "      <td>0</td>\n",
       "      <td>0</td>\n",
       "      <td>0</td>\n",
       "      <td>269.0</td>\n",
       "      <td>133.5</td>\n",
       "      <td>83.0</td>\n",
       "      <td>21.47</td>\n",
       "      <td>80.0</td>\n",
       "      <td>107.0</td>\n",
       "      <td>0</td>\n",
       "    </tr>\n",
       "    <tr>\n",
       "      <th>4238</th>\n",
       "      <td>1</td>\n",
       "      <td>40</td>\n",
       "      <td>3.0</td>\n",
       "      <td>0</td>\n",
       "      <td>0.0</td>\n",
       "      <td>0.0</td>\n",
       "      <td>0</td>\n",
       "      <td>1</td>\n",
       "      <td>0</td>\n",
       "      <td>185.0</td>\n",
       "      <td>141.0</td>\n",
       "      <td>98.0</td>\n",
       "      <td>25.60</td>\n",
       "      <td>67.0</td>\n",
       "      <td>72.0</td>\n",
       "      <td>0</td>\n",
       "    </tr>\n",
       "    <tr>\n",
       "      <th>4239</th>\n",
       "      <td>0</td>\n",
       "      <td>39</td>\n",
       "      <td>3.0</td>\n",
       "      <td>1</td>\n",
       "      <td>30.0</td>\n",
       "      <td>0.0</td>\n",
       "      <td>0</td>\n",
       "      <td>0</td>\n",
       "      <td>0</td>\n",
       "      <td>196.0</td>\n",
       "      <td>133.0</td>\n",
       "      <td>86.0</td>\n",
       "      <td>20.91</td>\n",
       "      <td>85.0</td>\n",
       "      <td>80.0</td>\n",
       "      <td>0</td>\n",
       "    </tr>\n",
       "  </tbody>\n",
       "</table>\n",
       "<p>4240 rows × 16 columns</p>\n",
       "</div>"
      ],
      "text/plain": [
       "      male  age  education  currentSmoker  cigsPerDay  BPMeds  \\\n",
       "0        1   39        4.0              0         0.0     0.0   \n",
       "1        0   46        2.0              0         0.0     0.0   \n",
       "2        1   48        1.0              1        20.0     0.0   \n",
       "3        0   61        3.0              1        30.0     0.0   \n",
       "4        0   46        3.0              1        23.0     0.0   \n",
       "...    ...  ...        ...            ...         ...     ...   \n",
       "4235     0   48        2.0              1        20.0     NaN   \n",
       "4236     0   44        1.0              1        15.0     0.0   \n",
       "4237     0   52        2.0              0         0.0     0.0   \n",
       "4238     1   40        3.0              0         0.0     0.0   \n",
       "4239     0   39        3.0              1        30.0     0.0   \n",
       "\n",
       "      prevalentStroke  prevalentHyp  diabetes  totChol  sysBP  diaBP    BMI  \\\n",
       "0                   0             0         0    195.0  106.0   70.0  26.97   \n",
       "1                   0             0         0    250.0  121.0   81.0  28.73   \n",
       "2                   0             0         0    245.0  127.5   80.0  25.34   \n",
       "3                   0             1         0    225.0  150.0   95.0  28.58   \n",
       "4                   0             0         0    285.0  130.0   84.0  23.10   \n",
       "...               ...           ...       ...      ...    ...    ...    ...   \n",
       "4235                0             0         0    248.0  131.0   72.0  22.00   \n",
       "4236                0             0         0    210.0  126.5   87.0  19.16   \n",
       "4237                0             0         0    269.0  133.5   83.0  21.47   \n",
       "4238                0             1         0    185.0  141.0   98.0  25.60   \n",
       "4239                0             0         0    196.0  133.0   86.0  20.91   \n",
       "\n",
       "      heartRate  glucose  TenYearCHD  \n",
       "0          80.0     77.0           0  \n",
       "1          95.0     76.0           0  \n",
       "2          75.0     70.0           0  \n",
       "3          65.0    103.0           1  \n",
       "4          85.0     85.0           0  \n",
       "...         ...      ...         ...  \n",
       "4235       84.0     86.0           0  \n",
       "4236       86.0      NaN           0  \n",
       "4237       80.0    107.0           0  \n",
       "4238       67.0     72.0           0  \n",
       "4239       85.0     80.0           0  \n",
       "\n",
       "[4240 rows x 16 columns]"
      ]
     },
     "execution_count": 2,
     "metadata": {},
     "output_type": "execute_result"
    }
   ],
   "source": [
    "df = pd.read_csv('./framingham.csv')\n",
    "df"
   ]
  },
  {
   "cell_type": "code",
   "execution_count": 3,
   "id": "d9c2ba69-b9c3-4f2e-833a-76125ea90d0a",
   "metadata": {},
   "outputs": [
    {
     "data": {
      "text/html": [
       "<div>\n",
       "<style scoped>\n",
       "    .dataframe tbody tr th:only-of-type {\n",
       "        vertical-align: middle;\n",
       "    }\n",
       "\n",
       "    .dataframe tbody tr th {\n",
       "        vertical-align: top;\n",
       "    }\n",
       "\n",
       "    .dataframe thead th {\n",
       "        text-align: right;\n",
       "    }\n",
       "</style>\n",
       "<table border=\"1\" class=\"dataframe\">\n",
       "  <thead>\n",
       "    <tr style=\"text-align: right;\">\n",
       "      <th></th>\n",
       "      <th>male</th>\n",
       "      <th>age</th>\n",
       "      <th>education</th>\n",
       "      <th>currentSmoker</th>\n",
       "      <th>cigsPerDay</th>\n",
       "      <th>BPMeds</th>\n",
       "      <th>prevalentStroke</th>\n",
       "      <th>prevalentHyp</th>\n",
       "      <th>diabetes</th>\n",
       "      <th>totChol</th>\n",
       "      <th>sysBP</th>\n",
       "      <th>diaBP</th>\n",
       "      <th>BMI</th>\n",
       "      <th>heartRate</th>\n",
       "      <th>glucose</th>\n",
       "      <th>TenYearCHD</th>\n",
       "    </tr>\n",
       "  </thead>\n",
       "  <tbody>\n",
       "    <tr>\n",
       "      <th>male</th>\n",
       "      <td>1.000000</td>\n",
       "      <td>-0.029014</td>\n",
       "      <td>0.017415</td>\n",
       "      <td>0.197026</td>\n",
       "      <td>0.317143</td>\n",
       "      <td>-0.052504</td>\n",
       "      <td>-0.004550</td>\n",
       "      <td>0.005853</td>\n",
       "      <td>0.015693</td>\n",
       "      <td>-0.070413</td>\n",
       "      <td>-0.035879</td>\n",
       "      <td>0.058199</td>\n",
       "      <td>0.081871</td>\n",
       "      <td>-0.116932</td>\n",
       "      <td>0.005979</td>\n",
       "      <td>0.088374</td>\n",
       "    </tr>\n",
       "    <tr>\n",
       "      <th>age</th>\n",
       "      <td>-0.029014</td>\n",
       "      <td>1.000000</td>\n",
       "      <td>-0.166356</td>\n",
       "      <td>-0.213662</td>\n",
       "      <td>-0.192959</td>\n",
       "      <td>0.123052</td>\n",
       "      <td>0.057679</td>\n",
       "      <td>0.306799</td>\n",
       "      <td>0.101314</td>\n",
       "      <td>0.262554</td>\n",
       "      <td>0.394053</td>\n",
       "      <td>0.205586</td>\n",
       "      <td>0.136096</td>\n",
       "      <td>-0.012843</td>\n",
       "      <td>0.122356</td>\n",
       "      <td>0.225408</td>\n",
       "    </tr>\n",
       "    <tr>\n",
       "      <th>education</th>\n",
       "      <td>0.017415</td>\n",
       "      <td>-0.166356</td>\n",
       "      <td>1.000000</td>\n",
       "      <td>0.018528</td>\n",
       "      <td>0.008323</td>\n",
       "      <td>-0.010898</td>\n",
       "      <td>-0.035142</td>\n",
       "      <td>-0.081726</td>\n",
       "      <td>-0.038749</td>\n",
       "      <td>-0.023613</td>\n",
       "      <td>-0.129496</td>\n",
       "      <td>-0.061919</td>\n",
       "      <td>-0.137747</td>\n",
       "      <td>-0.054182</td>\n",
       "      <td>-0.035843</td>\n",
       "      <td>-0.054248</td>\n",
       "    </tr>\n",
       "    <tr>\n",
       "      <th>currentSmoker</th>\n",
       "      <td>0.197026</td>\n",
       "      <td>-0.213662</td>\n",
       "      <td>0.018528</td>\n",
       "      <td>1.000000</td>\n",
       "      <td>0.769774</td>\n",
       "      <td>-0.048927</td>\n",
       "      <td>-0.032980</td>\n",
       "      <td>-0.103710</td>\n",
       "      <td>-0.044285</td>\n",
       "      <td>-0.046488</td>\n",
       "      <td>-0.130281</td>\n",
       "      <td>-0.107933</td>\n",
       "      <td>-0.167857</td>\n",
       "      <td>0.062686</td>\n",
       "      <td>-0.056726</td>\n",
       "      <td>0.019448</td>\n",
       "    </tr>\n",
       "    <tr>\n",
       "      <th>cigsPerDay</th>\n",
       "      <td>0.317143</td>\n",
       "      <td>-0.192959</td>\n",
       "      <td>0.008323</td>\n",
       "      <td>0.769774</td>\n",
       "      <td>1.000000</td>\n",
       "      <td>-0.046155</td>\n",
       "      <td>-0.032711</td>\n",
       "      <td>-0.066645</td>\n",
       "      <td>-0.037089</td>\n",
       "      <td>-0.026479</td>\n",
       "      <td>-0.088797</td>\n",
       "      <td>-0.056715</td>\n",
       "      <td>-0.093293</td>\n",
       "      <td>0.075564</td>\n",
       "      <td>-0.058886</td>\n",
       "      <td>0.057755</td>\n",
       "    </tr>\n",
       "    <tr>\n",
       "      <th>BPMeds</th>\n",
       "      <td>-0.052504</td>\n",
       "      <td>0.123052</td>\n",
       "      <td>-0.010898</td>\n",
       "      <td>-0.048927</td>\n",
       "      <td>-0.046155</td>\n",
       "      <td>1.000000</td>\n",
       "      <td>0.117370</td>\n",
       "      <td>0.261067</td>\n",
       "      <td>0.052060</td>\n",
       "      <td>0.080623</td>\n",
       "      <td>0.254194</td>\n",
       "      <td>0.194122</td>\n",
       "      <td>0.100702</td>\n",
       "      <td>0.015230</td>\n",
       "      <td>0.051197</td>\n",
       "      <td>0.087519</td>\n",
       "    </tr>\n",
       "    <tr>\n",
       "      <th>prevalentStroke</th>\n",
       "      <td>-0.004550</td>\n",
       "      <td>0.057679</td>\n",
       "      <td>-0.035142</td>\n",
       "      <td>-0.032980</td>\n",
       "      <td>-0.032711</td>\n",
       "      <td>0.117370</td>\n",
       "      <td>1.000000</td>\n",
       "      <td>0.074791</td>\n",
       "      <td>0.006955</td>\n",
       "      <td>0.000105</td>\n",
       "      <td>0.057000</td>\n",
       "      <td>0.045153</td>\n",
       "      <td>0.025909</td>\n",
       "      <td>-0.017674</td>\n",
       "      <td>0.018440</td>\n",
       "      <td>0.061823</td>\n",
       "    </tr>\n",
       "    <tr>\n",
       "      <th>prevalentHyp</th>\n",
       "      <td>0.005853</td>\n",
       "      <td>0.306799</td>\n",
       "      <td>-0.081726</td>\n",
       "      <td>-0.103710</td>\n",
       "      <td>-0.066645</td>\n",
       "      <td>0.261067</td>\n",
       "      <td>0.074791</td>\n",
       "      <td>1.000000</td>\n",
       "      <td>0.077752</td>\n",
       "      <td>0.163632</td>\n",
       "      <td>0.696656</td>\n",
       "      <td>0.615840</td>\n",
       "      <td>0.301344</td>\n",
       "      <td>0.146815</td>\n",
       "      <td>0.086656</td>\n",
       "      <td>0.177458</td>\n",
       "    </tr>\n",
       "    <tr>\n",
       "      <th>diabetes</th>\n",
       "      <td>0.015693</td>\n",
       "      <td>0.101314</td>\n",
       "      <td>-0.038749</td>\n",
       "      <td>-0.044285</td>\n",
       "      <td>-0.037089</td>\n",
       "      <td>0.052060</td>\n",
       "      <td>0.006955</td>\n",
       "      <td>0.077752</td>\n",
       "      <td>1.000000</td>\n",
       "      <td>0.040348</td>\n",
       "      <td>0.111265</td>\n",
       "      <td>0.050260</td>\n",
       "      <td>0.087068</td>\n",
       "      <td>0.048986</td>\n",
       "      <td>0.617630</td>\n",
       "      <td>0.097344</td>\n",
       "    </tr>\n",
       "    <tr>\n",
       "      <th>totChol</th>\n",
       "      <td>-0.070413</td>\n",
       "      <td>0.262554</td>\n",
       "      <td>-0.023613</td>\n",
       "      <td>-0.046488</td>\n",
       "      <td>-0.026479</td>\n",
       "      <td>0.080623</td>\n",
       "      <td>0.000105</td>\n",
       "      <td>0.163632</td>\n",
       "      <td>0.040348</td>\n",
       "      <td>1.000000</td>\n",
       "      <td>0.208734</td>\n",
       "      <td>0.164698</td>\n",
       "      <td>0.115992</td>\n",
       "      <td>0.091127</td>\n",
       "      <td>0.046538</td>\n",
       "      <td>0.082369</td>\n",
       "    </tr>\n",
       "    <tr>\n",
       "      <th>sysBP</th>\n",
       "      <td>-0.035879</td>\n",
       "      <td>0.394053</td>\n",
       "      <td>-0.129496</td>\n",
       "      <td>-0.130281</td>\n",
       "      <td>-0.088797</td>\n",
       "      <td>0.254194</td>\n",
       "      <td>0.057000</td>\n",
       "      <td>0.696656</td>\n",
       "      <td>0.111265</td>\n",
       "      <td>0.208734</td>\n",
       "      <td>1.000000</td>\n",
       "      <td>0.783952</td>\n",
       "      <td>0.326906</td>\n",
       "      <td>0.182155</td>\n",
       "      <td>0.140573</td>\n",
       "      <td>0.216374</td>\n",
       "    </tr>\n",
       "    <tr>\n",
       "      <th>diaBP</th>\n",
       "      <td>0.058199</td>\n",
       "      <td>0.205586</td>\n",
       "      <td>-0.061919</td>\n",
       "      <td>-0.107933</td>\n",
       "      <td>-0.056715</td>\n",
       "      <td>0.194122</td>\n",
       "      <td>0.045153</td>\n",
       "      <td>0.615840</td>\n",
       "      <td>0.050260</td>\n",
       "      <td>0.164698</td>\n",
       "      <td>0.783952</td>\n",
       "      <td>1.000000</td>\n",
       "      <td>0.377360</td>\n",
       "      <td>0.181021</td>\n",
       "      <td>0.061075</td>\n",
       "      <td>0.145112</td>\n",
       "    </tr>\n",
       "    <tr>\n",
       "      <th>BMI</th>\n",
       "      <td>0.081871</td>\n",
       "      <td>0.136096</td>\n",
       "      <td>-0.137747</td>\n",
       "      <td>-0.167857</td>\n",
       "      <td>-0.093293</td>\n",
       "      <td>0.100702</td>\n",
       "      <td>0.025909</td>\n",
       "      <td>0.301344</td>\n",
       "      <td>0.087068</td>\n",
       "      <td>0.115992</td>\n",
       "      <td>0.326906</td>\n",
       "      <td>0.377360</td>\n",
       "      <td>1.000000</td>\n",
       "      <td>0.067451</td>\n",
       "      <td>0.087389</td>\n",
       "      <td>0.075300</td>\n",
       "    </tr>\n",
       "    <tr>\n",
       "      <th>heartRate</th>\n",
       "      <td>-0.116932</td>\n",
       "      <td>-0.012843</td>\n",
       "      <td>-0.054182</td>\n",
       "      <td>0.062686</td>\n",
       "      <td>0.075564</td>\n",
       "      <td>0.015230</td>\n",
       "      <td>-0.017674</td>\n",
       "      <td>0.146815</td>\n",
       "      <td>0.048986</td>\n",
       "      <td>0.091127</td>\n",
       "      <td>0.182155</td>\n",
       "      <td>0.181021</td>\n",
       "      <td>0.067451</td>\n",
       "      <td>1.000000</td>\n",
       "      <td>0.094546</td>\n",
       "      <td>0.022907</td>\n",
       "    </tr>\n",
       "    <tr>\n",
       "      <th>glucose</th>\n",
       "      <td>0.005979</td>\n",
       "      <td>0.122356</td>\n",
       "      <td>-0.035843</td>\n",
       "      <td>-0.056726</td>\n",
       "      <td>-0.058886</td>\n",
       "      <td>0.051197</td>\n",
       "      <td>0.018440</td>\n",
       "      <td>0.086656</td>\n",
       "      <td>0.617630</td>\n",
       "      <td>0.046538</td>\n",
       "      <td>0.140573</td>\n",
       "      <td>0.061075</td>\n",
       "      <td>0.087389</td>\n",
       "      <td>0.094546</td>\n",
       "      <td>1.000000</td>\n",
       "      <td>0.125590</td>\n",
       "    </tr>\n",
       "    <tr>\n",
       "      <th>TenYearCHD</th>\n",
       "      <td>0.088374</td>\n",
       "      <td>0.225408</td>\n",
       "      <td>-0.054248</td>\n",
       "      <td>0.019448</td>\n",
       "      <td>0.057755</td>\n",
       "      <td>0.087519</td>\n",
       "      <td>0.061823</td>\n",
       "      <td>0.177458</td>\n",
       "      <td>0.097344</td>\n",
       "      <td>0.082369</td>\n",
       "      <td>0.216374</td>\n",
       "      <td>0.145112</td>\n",
       "      <td>0.075300</td>\n",
       "      <td>0.022907</td>\n",
       "      <td>0.125590</td>\n",
       "      <td>1.000000</td>\n",
       "    </tr>\n",
       "  </tbody>\n",
       "</table>\n",
       "</div>"
      ],
      "text/plain": [
       "                     male       age  education  currentSmoker  cigsPerDay  \\\n",
       "male             1.000000 -0.029014   0.017415       0.197026    0.317143   \n",
       "age             -0.029014  1.000000  -0.166356      -0.213662   -0.192959   \n",
       "education        0.017415 -0.166356   1.000000       0.018528    0.008323   \n",
       "currentSmoker    0.197026 -0.213662   0.018528       1.000000    0.769774   \n",
       "cigsPerDay       0.317143 -0.192959   0.008323       0.769774    1.000000   \n",
       "BPMeds          -0.052504  0.123052  -0.010898      -0.048927   -0.046155   \n",
       "prevalentStroke -0.004550  0.057679  -0.035142      -0.032980   -0.032711   \n",
       "prevalentHyp     0.005853  0.306799  -0.081726      -0.103710   -0.066645   \n",
       "diabetes         0.015693  0.101314  -0.038749      -0.044285   -0.037089   \n",
       "totChol         -0.070413  0.262554  -0.023613      -0.046488   -0.026479   \n",
       "sysBP           -0.035879  0.394053  -0.129496      -0.130281   -0.088797   \n",
       "diaBP            0.058199  0.205586  -0.061919      -0.107933   -0.056715   \n",
       "BMI              0.081871  0.136096  -0.137747      -0.167857   -0.093293   \n",
       "heartRate       -0.116932 -0.012843  -0.054182       0.062686    0.075564   \n",
       "glucose          0.005979  0.122356  -0.035843      -0.056726   -0.058886   \n",
       "TenYearCHD       0.088374  0.225408  -0.054248       0.019448    0.057755   \n",
       "\n",
       "                   BPMeds  prevalentStroke  prevalentHyp  diabetes   totChol  \\\n",
       "male            -0.052504        -0.004550      0.005853  0.015693 -0.070413   \n",
       "age              0.123052         0.057679      0.306799  0.101314  0.262554   \n",
       "education       -0.010898        -0.035142     -0.081726 -0.038749 -0.023613   \n",
       "currentSmoker   -0.048927        -0.032980     -0.103710 -0.044285 -0.046488   \n",
       "cigsPerDay      -0.046155        -0.032711     -0.066645 -0.037089 -0.026479   \n",
       "BPMeds           1.000000         0.117370      0.261067  0.052060  0.080623   \n",
       "prevalentStroke  0.117370         1.000000      0.074791  0.006955  0.000105   \n",
       "prevalentHyp     0.261067         0.074791      1.000000  0.077752  0.163632   \n",
       "diabetes         0.052060         0.006955      0.077752  1.000000  0.040348   \n",
       "totChol          0.080623         0.000105      0.163632  0.040348  1.000000   \n",
       "sysBP            0.254194         0.057000      0.696656  0.111265  0.208734   \n",
       "diaBP            0.194122         0.045153      0.615840  0.050260  0.164698   \n",
       "BMI              0.100702         0.025909      0.301344  0.087068  0.115992   \n",
       "heartRate        0.015230        -0.017674      0.146815  0.048986  0.091127   \n",
       "glucose          0.051197         0.018440      0.086656  0.617630  0.046538   \n",
       "TenYearCHD       0.087519         0.061823      0.177458  0.097344  0.082369   \n",
       "\n",
       "                    sysBP     diaBP       BMI  heartRate   glucose  TenYearCHD  \n",
       "male            -0.035879  0.058199  0.081871  -0.116932  0.005979    0.088374  \n",
       "age              0.394053  0.205586  0.136096  -0.012843  0.122356    0.225408  \n",
       "education       -0.129496 -0.061919 -0.137747  -0.054182 -0.035843   -0.054248  \n",
       "currentSmoker   -0.130281 -0.107933 -0.167857   0.062686 -0.056726    0.019448  \n",
       "cigsPerDay      -0.088797 -0.056715 -0.093293   0.075564 -0.058886    0.057755  \n",
       "BPMeds           0.254194  0.194122  0.100702   0.015230  0.051197    0.087519  \n",
       "prevalentStroke  0.057000  0.045153  0.025909  -0.017674  0.018440    0.061823  \n",
       "prevalentHyp     0.696656  0.615840  0.301344   0.146815  0.086656    0.177458  \n",
       "diabetes         0.111265  0.050260  0.087068   0.048986  0.617630    0.097344  \n",
       "totChol          0.208734  0.164698  0.115992   0.091127  0.046538    0.082369  \n",
       "sysBP            1.000000  0.783952  0.326906   0.182155  0.140573    0.216374  \n",
       "diaBP            0.783952  1.000000  0.377360   0.181021  0.061075    0.145112  \n",
       "BMI              0.326906  0.377360  1.000000   0.067451  0.087389    0.075300  \n",
       "heartRate        0.182155  0.181021  0.067451   1.000000  0.094546    0.022907  \n",
       "glucose          0.140573  0.061075  0.087389   0.094546  1.000000    0.125590  \n",
       "TenYearCHD       0.216374  0.145112  0.075300   0.022907  0.125590    1.000000  "
      ]
     },
     "execution_count": 3,
     "metadata": {},
     "output_type": "execute_result"
    }
   ],
   "source": [
    "df.corr()"
   ]
  },
  {
   "cell_type": "code",
   "execution_count": 5,
   "id": "7b22ca8a-2736-4b79-8986-d4786fe6a652",
   "metadata": {},
   "outputs": [],
   "source": [
    "x = df[['age','cigsPerDay','BPMeds','prevalentStroke','prevalentHyp','diabetes','totChol','sysBP','diaBP','BMI','glucose']]\n",
    "y = df['TenYearCHD']"
   ]
  },
  {
   "cell_type": "code",
   "execution_count": 11,
   "id": "59a87a9d-a1f9-447b-ac0b-2cc020bae0e3",
   "metadata": {},
   "outputs": [
    {
     "name": "stdout",
     "output_type": "stream",
     "text": [
      "<class 'pandas.core.frame.DataFrame'>\n",
      "RangeIndex: 4240 entries, 0 to 4239\n",
      "Data columns (total 11 columns):\n",
      " #   Column           Non-Null Count  Dtype  \n",
      "---  ------           --------------  -----  \n",
      " 0   age              4240 non-null   int64  \n",
      " 1   cigsPerDay       4211 non-null   float64\n",
      " 2   BPMeds           4187 non-null   float64\n",
      " 3   prevalentStroke  4240 non-null   int64  \n",
      " 4   prevalentHyp     4240 non-null   int64  \n",
      " 5   diabetes         4240 non-null   int64  \n",
      " 6   totChol          4190 non-null   float64\n",
      " 7   sysBP            4240 non-null   float64\n",
      " 8   diaBP            4240 non-null   float64\n",
      " 9   BMI              4221 non-null   float64\n",
      " 10  glucose          3852 non-null   float64\n",
      "dtypes: float64(7), int64(4)\n",
      "memory usage: 364.5 KB\n"
     ]
    }
   ],
   "source": [
    "x.info()"
   ]
  },
  {
   "cell_type": "code",
   "execution_count": 13,
   "id": "c4ce3f2d-6d25-47e5-b0e9-456dcf8c54ba",
   "metadata": {},
   "outputs": [
    {
     "name": "stderr",
     "output_type": "stream",
     "text": [
      "/tmp/ipykernel_19099/1720348923.py:1: SettingWithCopyWarning: \n",
      "A value is trying to be set on a copy of a slice from a DataFrame.\n",
      "Try using .loc[row_indexer,col_indexer] = value instead\n",
      "\n",
      "See the caveats in the documentation: https://pandas.pydata.org/pandas-docs/stable/user_guide/indexing.html#returning-a-view-versus-a-copy\n",
      "  x['cigsPerDay'] = x['cigsPerDay'].fillna(x['cigsPerDay'].mean())\n",
      "/tmp/ipykernel_19099/1720348923.py:2: SettingWithCopyWarning: \n",
      "A value is trying to be set on a copy of a slice from a DataFrame.\n",
      "Try using .loc[row_indexer,col_indexer] = value instead\n",
      "\n",
      "See the caveats in the documentation: https://pandas.pydata.org/pandas-docs/stable/user_guide/indexing.html#returning-a-view-versus-a-copy\n",
      "  x['BPMeds'] = x['BPMeds'].fillna(x['BPMeds'].mean())\n",
      "/tmp/ipykernel_19099/1720348923.py:3: SettingWithCopyWarning: \n",
      "A value is trying to be set on a copy of a slice from a DataFrame.\n",
      "Try using .loc[row_indexer,col_indexer] = value instead\n",
      "\n",
      "See the caveats in the documentation: https://pandas.pydata.org/pandas-docs/stable/user_guide/indexing.html#returning-a-view-versus-a-copy\n",
      "  x['totChol'] = x['totChol'].fillna(x['totChol'].mean())\n",
      "/tmp/ipykernel_19099/1720348923.py:4: SettingWithCopyWarning: \n",
      "A value is trying to be set on a copy of a slice from a DataFrame.\n",
      "Try using .loc[row_indexer,col_indexer] = value instead\n",
      "\n",
      "See the caveats in the documentation: https://pandas.pydata.org/pandas-docs/stable/user_guide/indexing.html#returning-a-view-versus-a-copy\n",
      "  x['glucose'] = x['glucose'].fillna(x['glucose'].mean())\n",
      "/tmp/ipykernel_19099/1720348923.py:5: SettingWithCopyWarning: \n",
      "A value is trying to be set on a copy of a slice from a DataFrame.\n",
      "Try using .loc[row_indexer,col_indexer] = value instead\n",
      "\n",
      "See the caveats in the documentation: https://pandas.pydata.org/pandas-docs/stable/user_guide/indexing.html#returning-a-view-versus-a-copy\n",
      "  x['BMI'] = x['BMI'].fillna(x['BMI'].mean())\n"
     ]
    }
   ],
   "source": [
    "x['cigsPerDay'] = x['cigsPerDay'].fillna(x['cigsPerDay'].mean())\n",
    "x['BPMeds'] = x['BPMeds'].fillna(x['BPMeds'].mean())\n",
    "x['totChol'] = x['totChol'].fillna(x['totChol'].mean())\n",
    "x['glucose'] = x['glucose'].fillna(x['glucose'].mean())\n",
    "x['BMI'] = x['BMI'].fillna(x['BMI'].mean())"
   ]
  },
  {
   "cell_type": "code",
   "execution_count": 14,
   "id": "68abea84-1950-4983-8614-66d3497a1480",
   "metadata": {},
   "outputs": [],
   "source": [
    "# splitting the data into train and test set\n",
    "from sklearn.model_selection import train_test_split\n",
    "\n",
    "x_train, x_test, y_train, y_test = train_test_split(x, y, train_size=0.7, random_state=123456)"
   ]
  },
  {
   "cell_type": "code",
   "execution_count": 16,
   "id": "35716c5c-d24a-4017-974a-bb0987e586a4",
   "metadata": {},
   "outputs": [
    {
     "data": {
      "text/html": [
       "<style>#sk-container-id-2 {\n",
       "  /* Definition of color scheme common for light and dark mode */\n",
       "  --sklearn-color-text: black;\n",
       "  --sklearn-color-line: gray;\n",
       "  /* Definition of color scheme for unfitted estimators */\n",
       "  --sklearn-color-unfitted-level-0: #fff5e6;\n",
       "  --sklearn-color-unfitted-level-1: #f6e4d2;\n",
       "  --sklearn-color-unfitted-level-2: #ffe0b3;\n",
       "  --sklearn-color-unfitted-level-3: chocolate;\n",
       "  /* Definition of color scheme for fitted estimators */\n",
       "  --sklearn-color-fitted-level-0: #f0f8ff;\n",
       "  --sklearn-color-fitted-level-1: #d4ebff;\n",
       "  --sklearn-color-fitted-level-2: #b3dbfd;\n",
       "  --sklearn-color-fitted-level-3: cornflowerblue;\n",
       "\n",
       "  /* Specific color for light theme */\n",
       "  --sklearn-color-text-on-default-background: var(--sg-text-color, var(--theme-code-foreground, var(--jp-content-font-color1, black)));\n",
       "  --sklearn-color-background: var(--sg-background-color, var(--theme-background, var(--jp-layout-color0, white)));\n",
       "  --sklearn-color-border-box: var(--sg-text-color, var(--theme-code-foreground, var(--jp-content-font-color1, black)));\n",
       "  --sklearn-color-icon: #696969;\n",
       "\n",
       "  @media (prefers-color-scheme: dark) {\n",
       "    /* Redefinition of color scheme for dark theme */\n",
       "    --sklearn-color-text-on-default-background: var(--sg-text-color, var(--theme-code-foreground, var(--jp-content-font-color1, white)));\n",
       "    --sklearn-color-background: var(--sg-background-color, var(--theme-background, var(--jp-layout-color0, #111)));\n",
       "    --sklearn-color-border-box: var(--sg-text-color, var(--theme-code-foreground, var(--jp-content-font-color1, white)));\n",
       "    --sklearn-color-icon: #878787;\n",
       "  }\n",
       "}\n",
       "\n",
       "#sk-container-id-2 {\n",
       "  color: var(--sklearn-color-text);\n",
       "}\n",
       "\n",
       "#sk-container-id-2 pre {\n",
       "  padding: 0;\n",
       "}\n",
       "\n",
       "#sk-container-id-2 input.sk-hidden--visually {\n",
       "  border: 0;\n",
       "  clip: rect(1px 1px 1px 1px);\n",
       "  clip: rect(1px, 1px, 1px, 1px);\n",
       "  height: 1px;\n",
       "  margin: -1px;\n",
       "  overflow: hidden;\n",
       "  padding: 0;\n",
       "  position: absolute;\n",
       "  width: 1px;\n",
       "}\n",
       "\n",
       "#sk-container-id-2 div.sk-dashed-wrapped {\n",
       "  border: 1px dashed var(--sklearn-color-line);\n",
       "  margin: 0 0.4em 0.5em 0.4em;\n",
       "  box-sizing: border-box;\n",
       "  padding-bottom: 0.4em;\n",
       "  background-color: var(--sklearn-color-background);\n",
       "}\n",
       "\n",
       "#sk-container-id-2 div.sk-container {\n",
       "  /* jupyter's `normalize.less` sets `[hidden] { display: none; }`\n",
       "     but bootstrap.min.css set `[hidden] { display: none !important; }`\n",
       "     so we also need the `!important` here to be able to override the\n",
       "     default hidden behavior on the sphinx rendered scikit-learn.org.\n",
       "     See: https://github.com/scikit-learn/scikit-learn/issues/21755 */\n",
       "  display: inline-block !important;\n",
       "  position: relative;\n",
       "}\n",
       "\n",
       "#sk-container-id-2 div.sk-text-repr-fallback {\n",
       "  display: none;\n",
       "}\n",
       "\n",
       "div.sk-parallel-item,\n",
       "div.sk-serial,\n",
       "div.sk-item {\n",
       "  /* draw centered vertical line to link estimators */\n",
       "  background-image: linear-gradient(var(--sklearn-color-text-on-default-background), var(--sklearn-color-text-on-default-background));\n",
       "  background-size: 2px 100%;\n",
       "  background-repeat: no-repeat;\n",
       "  background-position: center center;\n",
       "}\n",
       "\n",
       "/* Parallel-specific style estimator block */\n",
       "\n",
       "#sk-container-id-2 div.sk-parallel-item::after {\n",
       "  content: \"\";\n",
       "  width: 100%;\n",
       "  border-bottom: 2px solid var(--sklearn-color-text-on-default-background);\n",
       "  flex-grow: 1;\n",
       "}\n",
       "\n",
       "#sk-container-id-2 div.sk-parallel {\n",
       "  display: flex;\n",
       "  align-items: stretch;\n",
       "  justify-content: center;\n",
       "  background-color: var(--sklearn-color-background);\n",
       "  position: relative;\n",
       "}\n",
       "\n",
       "#sk-container-id-2 div.sk-parallel-item {\n",
       "  display: flex;\n",
       "  flex-direction: column;\n",
       "}\n",
       "\n",
       "#sk-container-id-2 div.sk-parallel-item:first-child::after {\n",
       "  align-self: flex-end;\n",
       "  width: 50%;\n",
       "}\n",
       "\n",
       "#sk-container-id-2 div.sk-parallel-item:last-child::after {\n",
       "  align-self: flex-start;\n",
       "  width: 50%;\n",
       "}\n",
       "\n",
       "#sk-container-id-2 div.sk-parallel-item:only-child::after {\n",
       "  width: 0;\n",
       "}\n",
       "\n",
       "/* Serial-specific style estimator block */\n",
       "\n",
       "#sk-container-id-2 div.sk-serial {\n",
       "  display: flex;\n",
       "  flex-direction: column;\n",
